v3.0 hex words addressed
000: 4100 0c40 0000 0000 0000 0000 0000 0000 4100 0c40 4200 0820 0000 0000 0000 0000
010: 4100 0c40 4200 0802 0029 0000 0000 0000 4100 0c40 4200 0802 002d 0000 0000 0000
020: 4100 0c40 4200 1010 0000 0000 0000 0000 4100 0c40 0220 0000 0000 0000 0000 0000
030: 4100 0c40 0280 0000 0000 0000 0000 0000 4100 0c40 0000 0000 0000 0000 0000 0000
040: 4100 0c40 0000 0000 0000 0000 0000 0000 4100 0c40 0000 0000 0000 0000 0000 0000
050: 4100 0c40 0000 0000 0000 0000 0000 0000 4100 0c40 0000 0000 0000 0000 0000 0000
060: 4100 0c40 0000 0000 0000 0000 0000 0000 4100 0c40 0000 0000 0000 0000 0000 0000
070: 4100 0c40 2010 0000 0000 0000 0000 0000 4100 0c40 8000 0000 0000 0000 0000 0000
080: 4100 0c40 0000 0000 0000 0000 0000 0000 4100 0c40 4200 0820 0000 0000 0000 0000
090: 4100 0c40 4200 0802 0029 0000 0000 0000 4100 0c40 4200 0802 002d 0000 0000 0000
0a0: 4100 0c40 4200 1010 0000 0000 0000 0000 4100 0c40 0220 0000 0000 0000 0000 0000
0b0: 4100 0c40 0280 0000 0000 0000 0000 0000 4100 0c40 0000 0000 0000 0000 0000 0000
0c0: 4100 0c40 0280 0000 0000 0000 0000 0000 4100 0c40 0000 0000 0000 0000 0000 0000
0d0: 4100 0c40 0000 0000 0000 0000 0000 0000 4100 0c40 0000 0000 0000 0000 0000 0000
0e0: 4100 0c40 0000 0000 0000 0000 0000 0000 4100 0c40 0000 0000 0000 0000 0000 0000
0f0: 4100 0c40 2010 0000 0000 0000 0000 0000 4100 0c40 8000 0000 0000 0000 0000 0000
100: 4100 0c40 0000 0000 0000 0000 0000 0000 4100 0c40 4200 0820 0000 0000 0000 0000
110: 4100 0c40 4200 0802 0029 0000 0000 0000 4100 0c40 4200 0802 002d 0000 0000 0000
120: 4100 0c40 4200 1010 0000 0000 0000 0000 4100 0c40 0220 0000 0000 0000 0000 0000
130: 4100 0c40 0280 0000 0000 0000 0000 0000 4100 0c40 0280 0000 0000 0000 0000 0000
140: 4100 0c40 0000 0000 0000 0000 0000 0000 4100 0c40 0000 0000 0000 0000 0000 0000
150: 4100 0c40 0000 0000 0000 0000 0000 0000 4100 0c40 0000 0000 0000 0000 0000 0000
160: 4100 0c40 0000 0000 0000 0000 0000 0000 4100 0c40 0000 0000 0000 0000 0000 0000
170: 4100 0c40 2010 0000 0000 0000 0000 0000 4100 0c40 8000 0000 0000 0000 0000 0000
180: 4100 0c40 0000 0000 0000 0000 0000 0000 4100 0c40 4200 0820 0000 0000 0000 0000
190: 4100 0c40 4200 0802 0029 0000 0000 0000 4100 0c40 4200 0802 002d 0000 0000 0000
1a0: 4100 0c40 4200 1010 0000 0000 0000 0000 4100 0c40 0220 0000 0000 0000 0000 0000
1b0: 4100 0c40 0280 0000 0000 0000 0000 0000 4100 0c40 0280 0000 0000 0000 0000 0000
1c0: 4100 0c40 0280 0000 0000 0000 0000 0000 4100 0c40 0000 0000 0000 0000 0000 0000
1d0: 4100 0c40 0000 0000 0000 0000 0000 0000 4100 0c40 0000 0000 0000 0000 0000 0000
1e0: 4100 0c40 0000 0000 0000 0000 0000 0000 4100 0c40 0000 0000 0000 0000 0000 0000
1f0: 4100 0c40 2010 0000 0000 0000 0000 0000 4100 0c40 8000 0000 0000 0000 0000 0000
